888

, 88888888888888888 8888888888 1⁰3
8888888888 8888888 8888888888 318
8888888 88888888 88888888 88888 8888881388
88888888 88888888 Ι8188 ’88 8888888888
888 88888 88888888 8888888 8888 88888 8888
888888 8888 8888 8888888 888 8888888888 88888·
. 8 ⁸than 8888888888 888888 88888888 888888,
’ 88888 888888 88888888 8888 8888888888 8888888
888 8888888 8888888 88 8888888888 88888) 888
88888 fnit 888888 8888818888 8888 88
88888 888888 8888888888 88 88888888 888

. 88 88888888 88888 888 88888.

8888888888 88 mid) 888 m 8881888888
8888888 moute, mid) 88 ein ι)88 hintes 85888
' 8888888888 88 888 888 8888888888 id> 888 [epe
8888 888888 888888 en mit 888888 81881888
tis est! 888 8888 ὃ888888, 88 8888 mit 888
’ sein 8888888888 888 8888888888, 888 8888888888,
hie mit 8888 888888 88888 8888 88888888
888888, 88888 88 8888888888 888888 88 888
8888888, 8888 id> 8888 mich 8888888 8888888,
888 Qon 888 8888888888 QeQmacfss 8888 Q 8
8888 8888888888 88888888888888 8888
8888888888, einen 3888888 8888 8888888·
8888888 (88888888888888 888 8888888888
88888888, einen 5888888888 8888 88888888·
888888, 8888 888 8888, 8888 8888, 88
’88888888 888888888888888888 8888 888
tif 88888 8888888888 8888 88888 88 888
8888 888888 Qum 88888888 8888888888· ,
888888 8888888888 888888. , '

 

