11» · ’

WfflW W} W24W4 W& 11111
444 44444 444444444 44444444 4111114111
141 4444 4444444444444 1111111111 ’1111 444¹
4444 444 (14111111 4444 41111 4¹¹4W44=
4444 11411441111441 Paulus 11114111111 111- 0444'44444 4
¹ 4114411114, 441 vix 4111114111111111114 414111111-
δεπε1111441111114111144441111144111111· 11111 4444444 1
· interrogarem. ' · 11111111
ι1114414144 111 11111411 4141111 11111111
, 444444t 1111111141 16144111114111111441114111411114 4
1141111411 44444444 1111111111 11111111 11111
1111 44444444 4444 444³4444 11111414 441 11111111
4&44444444444444 444 4444 44444444444444 444 44411111
i‚444444'44 , ., 4 1141141111 ,

4444 4444444 4444 4444 1111111111 4
11111111111111114111111111114111 4
444 &4444 1111141 111114141141111111141111 4
,11111 11114111, 1141 44444444 “444444 11111141. ‘
W, 4444 1411411444,4441141111411441144 }
‘ ,1141144 141411111111Τ11111114111 44444444,

“ 11411· 11111141 444 444 4444 444444 1111111411 111 4

111 44444444444 11411141 4444444444444 444444·

141141 &4444 44 11411 111, 11 ᾇῇἳ1411114 4444
11 4444 1441411111 111, 141111 444444 11414111 1111111

’ 111111114111114141411 41114141 444-‘4'44'44

4 1111144111 1111141141 14111111 1111111114,
444 444444 1111114141· 444444444 1114411111 44
44444444 4444444 1111111444 4144411111 444

4444444 1111111111411111141141111111111111111,
111 14414114 444 1141,11111 444 11111141 ’1111111

1111114111

 

