5555 1555 5555 ’5555555 55155 555 5555 ,555
555555 5515555 555 555 555555 555
¹ 5555555555 55555. ¹
55555 5555555 5555 ε 5555555555 55555555, ,
ἑ 555555 555555 5555555555 55555 55555555
, 555 555 55 55555555 555555 5555 5355555555
· 55555 mit 515555 555 55 3555555 55 515 5555
‚mefflmwfflffm
3 5555555555 5555555555 555 515 5 ε5 55555155 551
555555, 5555555555 555 555 5 d> 5 ξε5 555
÷ 555
555555 ε 5555 5555 555 5555555 555555,
· 55555555 555555 5555 5555155511 5555555555 555
55 5555555555 5555555555 ε55ε5 5555555555 5515 ’ 5
j 5555 5555'555 55 55 55ε 5555 555 55555 1
fs) 555555 555555 555ε 55555 55555555 55:
5 5511551155515555555 5555555 5555555 5555 555
, 555555 θενε ===1 55 55555 555 55555 5555
ᾗ 5555555555 555 555555 52*- -5155555,55 55
5 555 555 55 ε55ε5ε5 5555 55 55ε55ε55 55555555 555· ;
555 5555555 55555 5555555555, 5555555555· ¹ j

, 5555 5551515‘155115555555 555555, 555 5555 555 , 5

5ε55ρ 5155 55555 555 555555 535555 555555 ’· '
} 555555 5555. ,5555 55555ε &555155155 555 ¹
ρ ,’,5155ε5555ε5555555555555555 55555

3 ,5, 55555555ε555ε55555555555ε5 5555555, ‘
5511551155, quim 111iih1 uiobt caelove euaatq 5551555 5

¹ ,15555 5515551 111tvolpa 55551155 151151115 mieffitatissss 5) .

) 5555 55 555 55555 555 5555 55555 555 555515
Siluarum.

 

