235

1111119111 19 11111 111 11111 11111 1111111111(
111111 11111 111111, 111 1111911111 gum
“ 1111111111Ὸ111111111111111111 1111111111
111 1111111111 11111111 19111111- ’(1111 ,
1111111 1111111111 11111111 Cic 1111 11111 11111
,(*1 1111111, 1111111 111111 1111111111 111
1111111111 1δε- 1111 1111111 111 11111
2 1111 111 1111111 1111111111111111-11
111 1111311111, 1111111111 1111111111, 111
111 ,11111111 1111111 1111 111 1111111111 111
11111 111111 111111111111 11111111,1ἰ
11111111 1111111 ,111111
11111,111111111111111ῶ11111111111-
11111111 1111111 1111111111 1111111, 11111111 Cic
1111111 1111111 11111 1111191111 111111
Μῃωωωηω-κ- Ν

’1111 1111111 111111 11111 1111 11111
111111,111’11111111111111111111111111
1111111111 1111111 111 111111 111111 111

1111111111111141911111 11119
11111111111,11111111111111111εό
1111111191111111111111111, (11111111 ’

Μ

, (’) Emit-h 1111311111111111111 defem-
me par '.Mr 8’”,1Ρ1111,1761.8,

< ) 1111 111111 1111111 11111111 1111119
11111111 111 1111111 1111111111 1111,

 

