¹ 111 111

. ψ

91119111) 1111 1111111111, 11111 111 11 111
Θ11111111111. 311111 11111111191111111 .
[111 Ι1111111111 91111 91111111 1111111) 11111 11)
[1911 111111) 111 1111 1111111 111111 1111111 [111
[111 11111111 11 11111111119111 11111 111 111Ι
6111111 111111 9111111111 311111 111 1111111111
1111 111 1111111111 1111111111 1111 7 1111111111
:etfucbungfflmgtssfgttu 1111111111ᾐή ,aaz 111111

ι11111111111111119111119111 &mn 1111 111111
11111111 1111 11111[(1)1 11119111 1111111 111111
, 111111911111111111111(ὕ1111111111
911111111111111111111111111 1111111111
111 (1111111111 1111191 1111111111
1111 [1111) 1111 1111911111 111 1111111111111 “

Ι8111911119 1111 9111111111 11111111 11111111)
11111 119) 111 ’1111111119 1111111111 1111111
11111111 111 1111111111 111111191111 111

,Ι 9111111 11111111 111 1111ῧ11111111· &⁰ 11101(

111 1191111111 1111111111 111 111 11111111 11111
1111111 1311111, 1111111111111 7 6111111 11111
1111111111111111111111111
1111111119 111 3111, 111 ,9111111111 1119111·
11111111) 11111111 1111 1111111111111111 1111
91111191111111111911111111111111[111
111111111111111111111
111111ωᾶ 1111 111( 1111111111 111 111
11 11111111, 1111 11111 11111 111111 1111111119 7

111111 111 1191111 11111111 1111111111, J

 

