881

(1818118111811811111 mmmmm
8111.,,1811111,811,11181181 188188 11 1188111
8811881118 1111181 81111181111111υ
11111111 1111 ψ
11181 1811811181 18118111 811 1111 1181811118
1118811181 118 811 1188111 1111811181
1111 181 1181881111 8811118111 181 8818
⁶⁹⁰ 881ῧὲᾇῶᾔῇῗὲ [1188118181Ἥᾶ
1111ῡ11181811111111181818-Ε1, 88811
11111111 68811811111818111, 1111111811 555⁸ utu

' {o 11811 1818111, 11· 1181181111 188118 —

111 ,1811118111 1811111118 8118118111
111 8188118188818118111888888881

. 81811 ,18118811881181118818118 1111118688

z 8111, 11118111811111111 1111· 1181 11Ι
81188888888811188818118 ·

811111811888181111111181111
8111 1118118811ὅ 881818 1111118111 88111111.
1111181111 ,1118 81111111 111888 [8818 8881811
1118 11111811811811 11188181111118188 [111
11 1111111818111818818111
11118111 8181811 11111111 188881 1181818888
,11811811811181181818 8111818811 11881
u 1111181811,18 111118 81811 1111111181.
111· 1118181111 18111811, 8118 8111111

8111111811111818111881181111118111811 ,

1181811111 118 81818 8111181118118111
1118111 1181111111 (811181 118, 818 &ue
8811118111811181 1111 811 8188188111,

 

