555

55555555 555 55 5555555 5555555555 55555 555 555 55555
5 555555.. 555555 55555 ’55 5555 55555 5555555 5555

3555 5 555 5555 55555551555 555555. 5555
555 5555555 5555555555 55555 55555555 555

55
α’555555555555555555 555 5355555555 55555 5555555555-

555 5555555555 5 5555555555 5555555 5555555 Μ5555555 ’
55555 555 5555 555 5555535555 555555 5555555555 ’
5

55555 5555555555 <555 55555555· 55555 555 55555
555 5 555 5555 555 55555 55555555 55555 5555 5555555
3555 55555 555 55555555 55555*- 55 55555555

55 5555 5555 555 5555555555 55555 55555 555555 555 ¹
55555 5555 5555555555 5555555 55555555 5555 5555

5 5555 55555555 555555 555 55555 555 555555 55555
55555 5555 5555 555555 555, 5555555555· 555 555·
55555 55) 55555 5555555555 555 55555 5555 555555
5555555555 555 5355555 5555555555 555555 5 555

5 555 555 5555 555 5555555 5555555555*- 555·
55555 555 5555- 55555 5 555555 555 5555555 55555

5 55555555 5555555555 55 5555 555 555 5555555 555
555555 555555 555555 55555555555555555 5555555555

. 55555 555 5555555555 555 5355555555 5555555555
5555555. 5555555 5555555 55555 5555555555 55555
5355555555 555555 5555 55555. 555 55555 55555555

5555555555 55555555 555 5555555555 55555555 5555 ’

555 55555 555 55555 5555555555 55 5555555
55555 5555555- 555555 5555555 555555555555 55555555

5555555 5555 55555555 55555555 55555555 5115*- -
&55 5555 55 5555555555 55555555 55 5555st
555 '0555 55 5555 5555555555 55555555
55555 55 5555 5555 5555*- «555555 5555 5555555

555555 5555 5555555 5555555 55555- -55555 555

 

