» 331

3333333’3 3333333333 333333333 3333 333 999
¹ 3333333 99 33333 ιτ 999 333 333333333'333
333 333333333333333333 333333333 3333 33333 9999
33333 333333 333 3333 3333333 9999999999.
999 5231333333 3333 9999999 3333333333333'3,
¹ τιτι 3333 99999999 333333333 333333 999
3333 33333333333333 3333333333333333 333 .
333 33333333333 99999 99999 33333333
33333333333 33 999999 333 333333'3 333333 ¹
99999 3333 99993999999999999 33333 999999 ,
33 Ι 3 513 33333333 33 333„ 333333333333333
, 3333 33333333333333333333 3333333333
33333 333· 333 33333333 3333 333 9999
{3333 333 3333333 333 99 333 3333333333333
¹&3333’333‘33333333333 333 99 333 33333333 333 3 33
33333333 33333 333 3333 99 33333 99999999
.9999999999999 999
*fu ἔξω Emis 33331-:03331333333333333 l ·
33²3 3333333 3333 3333 3333 9999999999 5333 ,
33333 3333 3333 3333 3731 3333333 3333333
’999999 999999 999 ιιιιι 3730» 99999999,
'33333 „3333 33333'33333333 33· 333 3333 333
· '33333fu333333 3333333333 333 333333 99999999
’ ΜΘ999999999999 3333 33333333333

’99999 33333 3333 3333 9999999999 3333 3333

3333333 33'33333
, 9999999999 9999999 313 99
9999999999 99999 999 9999999999 3333
33333'3333 999999· 3333 333 99999999 -
33133333333333333333333333 ,
, 33333333333333 9999999999 3333 333331
' 3⁶3333333331332 33 99999 9ιττττττιτιῖτ99ιτιττι
s 333333 3333 3333 3333'333 9999, 333 333 9999
9199999 6999999 3333 3333 999999 9999999999

3333 3333 99999999 9999·

 

