,191 ’

9119191191 919 11911111 911 111119
9911 11199, 19999 1199 991999 9111111991
ἓ111111, 919 919 9111111919 919 ε111999 111111

9191191911, 119 9119191111 1191991111
,- 119911 9191 9191 99111 19911111 111111 1111119,
*1115 9991911 919191 1191191991191 9919 9919
19199 1999991191911199--ω
919 95999111, 1191919119 919 911 911111·
11991111,19 991 191919911911119
119119999111119* *- 1991919991
1111999111, 91911191991911911991191
-11191,11119 1919111119· 119 19 919
1199 99119911911199 991 9919·
199119919999111911111,1911999
911 9111111111 111999111991919191119911999 -
*- ⁶- 1199111119 1199991 919 19111911
(911111 1991111111-11191111111191911119
Ι 199 vu 919 1119111119 91919119911111999 =
1911111999 919 119 91111911, 19911111 911 11119
1111111911 9111119 1119 91191911 1991999 191191

- ·-- 91911 911111111911191 11911 9999 919 ‘

, 111119911999119 999 1911919111119199 (*)
9911111991, 19199 99911 111191199119911
991 111119 119991 9919, 999 911119 911
911199111911999111199- ·-·

m χ

91111911 9111111 11119 1111 91911111 911
1191111111 - Semper ad eventum ιι·- ι’-ς
et quae 99199191- relinquit.

' ,1119911111 ‘ ¹

 

