999 ,

· 999999, 999 999 9999999 9999999999 999 999

- 99999999 9999999999999 999 9999999999,
,999 99 99999999 9999 9999 9999999 99999999,
999 999 999 999999999999999, 9999999999 999 99999 ’

- 9999999 99999999 999 (9999999 99999 99999999 9
9999999999 999999 999999999999999999999999999, . =

9999999 9 99 99 9999999 &e 9999999999 99
9999999999 99 999999 999 999 9999999999τὲ9

“ 999 99999 999 999999 9999999999 9999999 999

9999999999 9999999 9999 9999999999 999999, 999 “

9999999 99 9919 999 99999999 99999 9999999999 .

’ ’9999 999 m 99999 9999999999 9999 99999999

’ 999999 9999999999 99999999 999999 9999( 9999 ¹ Ν

99999 9999) 9999999999 99999999 999 9999 99999,

· 9999 9999999 9999999999 999 9999999 99 999 ¹

y 1 9999999999 99999 999, 999999 9999999999 999
¹· Μ699 9999 99999 9999 999 6999999999] 9999 ⁸

999999 r 999 99999 9999 999999 99999999999999 ·
x Q 99999999. 99999999 &ie nas„ 99 99999999
&iel 999 Ὶ999 99999 999 9999999 fieb 9999 9999

’99999999999999999999 m 9999999 Ν9· ’ 9

mista propria, 999 filma! {v 99199199 am 999·
999999 9999 99999999 999 9999999999 (999999,
9999999999 m 9999999999 99999999 999 99999
99999, 999 99999 99 9999 9999999999 999999
9999999 999, 999 id, 999, 99999999 9999999999 99999
99199999 99999999, (9999999999 -999 9999999999
99999 99, ,9999999 9999999 ’999999 999 9999999

 

