1111

1111111111111,1111 111111111111111111111111
1111111111111111’11111111111111111111 1111

1111111111 Θ111111.
1111 11111111 11111 111111 11111,’ 1111 Dr

11111111 1111 ῧ111111111111111111111 111111
11111111111111 111 1111111111111111111

11111 11111111 11111111 111111, 1111 11111
’ ’11111 11111111. 111111111111111111 11111,
1111111111 11111111 Ο1111111 11111111ε11111
11111 11111 3111 111111 1111111111 1511111111Ι
111, 111111111 111 1111111111 111 111111
1111111111 1111111 11111

Q 11111111111111, 11 11111 1111161111
, 1111111111 11111111, 1111111111111111
111111111111111111111 1111111, 1111111 11111
111 1111111111 1111 11 1111111111111111
111111, 111111) 1111111 111111111111 11111111
111 11111 11111111. 1111 ,11111 1111111111,
, 111111ᾨῶ1111111 1111111111 Qdmtinfe 111
1111111111 1111 1111111111 111 11111111
1111 11111 1111111 1111111111111 1111111
1111111111111111111111111 11111111, (111.
11111 111111 111 1111111111 111 61111111
,111111 11111 1111111 11 1111 1111111111

111 1111111111 11111 11111111 1111111
111111 111111111111111 1111111111 1111111111 ,
11111 1111 6111111111 11111111 1131111111
1111111. 1111 11111111 11111111 1111111111
1111111 1111111 111 11111111111113111111111
11111 11111111ῧ11111111 111 111 11111111

 

