,80 Ι

(33333333333333333 33333333 3333333 r 3333 3333
33333333 3333333 3333 3333333 333 33 33333 33
3333333 33 33333 333333 333 33333 3333 3333 .
333333 (333 3333. 333 333 (3333333333 333 3333333
'philosophie' in abstracto (3 33333 333 333·
concreto, 333 3333333333( (3 ((3 333 3333333
(333 33 33333333 333 (3333333333- 3333333333·

333 333 Β 3333 C 333 (3333333333 > 333 33333
33333333Β 33330. 333. 33

3333333333 333333 3333 33333 333333 3333333
(33333 3333333 3 . 33333 (33 333 3333333333
0333333 333 333 ὓ3333333 333 (3333333333
3333333333. 3333 3333 3333333. 3333 333 3333
(3333333333 33333 33333333 3333 33333. 3333
3333333 3333333333. 333 (3333333 3333333 3333
333333 3333 333 33333 3333( . (3333333 3333 (33
3333333333 33333333333333 3333 (3333333 333 333
333333 33333 en 333 3333333 3333 33 3333333

, 333333333333333333333333333, 3333333(

33 33333333. 3333333 333333 333 63333333
.( 33333333 33333.

33333 Qtaqititen ἰ( 333 33333 3333333333
33 (333333 33333333 3333333 (33333 &smmpto
3333 333 (33333333333333 Q 33333333
3333 33333333. (3333 3333 3333333339 3333 33
3333 333333 333333333333333 333 333333333333 (33
3333333 33333333 33333 (3333.Ι 3333 (33 3333
333333 Qteue (33333 3333333 3333 333333 33333·

3333 (3333333333, 333 33 33333 ῶ33333ω333
α .

 

