355

111111193111191111ί 1111111111 1111111 11111
11““ 11111 1111111 111111, 111 19111111 3333
’ 1111111111 C'333333‘ ’11111111 533 (3333
11111111111111111111 3333·— (11111 .
1911111 1111911111 19911111 &ie 1111 111111 11111
,(*1 11111111, 1111111 111111 333333333333 111
1111111111) 333 11111111 1111 111 1111
x 333 33 111111. 111 111111 111111 3133
111 1111311111, 333 3333 1111111111,Ι 333
111 ,1111111 1111111111 111 111111119911
11111 11111 1111111111 11111 1111111111, 3
3333 3333 3333
33333 11111111111111111111 3333 ·
111111111111111111111111 19911111 111
11111111 1111111 11111 33333 1111191111
mmmmwm3--— Ν

33 11111111 1111111 11111 333 333·
11111,11119111111111119111111111
11111 111111 1111111 1111111, 11111 111

1111111111 333333'31333 c333 11111
111111111111,11111111111111111
11911111111111111111111191,(11111111 ·

qna-u·-

‚ (⁸) 3333 trop 31111111, Mantum defem-
mWWffiS ‚nfflmwa

< ) 33 1111111 11111111 11111111 191111
1111111111 11111 111 1111111111 1111, 3

 

