ιε’

11111 (1111111 1111 1111111 1111 11111
11111111111111,1 111111 111 11111111
111111 1111111111111111111111 111 1111111 111111
Ῑ 1111111111111111111111111111111111111111 1
x 11111111111111, 11111111 1111111111111111 1111, 1
111 111111 1111111111111111111111111111, 111
1111 111 11111111 11111111.

1111111111,1111 1111111141111111
1111111 1111 111 1111 11111111111111111111
111 111 1111111111111111111111111111111111,’
81111111 111111. 1111 11111111 111 1111111

11111 11111111 111 1111 11111 11111 1111111
111111, 1111 1111111 11111111 1111111111, 1111
1111111111 111 611111111111111111111111
11111111 111 11111, 111 111111111111 11111

1111111111 1111111111111111111111111111111.

ᾠς111111111111111111, 111 11111111111111

ἶ 11111111111111 111111 1111111111 1111 111111 1111 1 Α
1111111 (1111111111111111111111111111 (11111111

‘1- ἓ111αξι ῒ111111 111111 111111 11111111, 11111111

ζ 111 111 (1111111111 11111 11111 111 1111111111
1, 1111111 1111111111, 11111 1111111111,111
‘ 111111 1111111 111 11111111, 11111 1111 11111111
¹ 11111111 111 1111111111 11111. 11111111 1111111 11111
11 11111111111111, 111 11111111111111111
11111 111111 (111111 1111111111 111111 11111
11,1111111111111 111 1111111111 111111 11111111
1111 1111111.111111111111,111111111 (11111 Α
1111111111311111,11111, 1111111111Ι

 

1111 1111111111 111111111111111111 ·

