9 999 ,.

9999 9999999999 ‘ ’999 99999999 99999999 9 999 999999
’99999999999 99999999 9999 999999 999 99999999·’ eu
99999 9899999999 999999 999999 9999 99, 999999
&in 999999 999 999 999999 99999999 999 bau&
99999999 (999999,Ι 9999 in 999 9999999 999
(9999999999 9999999- Qu 999· 9999
9999 999 999999 99999999 99999 99999 99 9999 (999999
9999999999 9999 9999 9999999 ῧ9999,ι 999 999999
9999 99999999 9999 9999999 99999 99 9999 99999
99 99999999 99999999 9999999 99· 9999999-9
9999 9999Β 999999 99999 999 99999 9999999999·
959999 9999999ς η--99999999999999999
9999 999999 999999, 999 99999 9999999999 9999.
·-· Q& 9999999999 999999 99999999 99999999, 2
999 9999 99999999 9919, 9999999 99999 999999
999 999, 999 9999999999 9999999 999999. -
σ9999 999 9999 999 6999999991 999999 9999999
sein Ceben 999 999999, 99999999 999999 999- 9
· 99999999 999,- 999999 999999 959999 9999999999 ¹
9999 999999 ῶ99999999999999 ssat? 9999999.
99999 999999 999999 9999999999 9999 mit 9999
, 9999999 999 9999999999 999 3999999999 999 Γ
99999999 9999 99999 999999999999 999 9999 aniene ³
99999999 99 999999 99999* ι99999 99999999
’ 9599999999 9999999999 9999 999 999999 999 einen
⁴ 999999 ῧ999 Quis 99999, 999 999999 5999999 999
99999999
{bie 9999999 &tunm 99999999 9999999999
. 99999999 9999999999 99999 99999999 9999 999 999 ,
9999 9999999 9199999999 1 999 ,999999 9999 999 ¹
999999999999991999999--999999999999 ¹

 

