· · 9
99999 ’9999999999 9999999999 99
999999999999999999999
9999 —--- 99999999Θ9999999
999 999 999999 99999 9999999 9999·
999 999 99999999 39999 9 obet 999

9 999999999999999999999 ,

9 9999 999 999999999999
9999999999999999999-9999999

9 99 999 999 999999 99999 999 9999999

9 9999 999 9999999999 999 ,9999 ’

, 9999 999 99999999999999 999

9 99999999 9999 99999999 99999999 999 ·

. 9999999999 999 9999999999 9999
99999999 9999999999 9999999 99999 -
9999 9999999999 99 99999 999999·
99999 999 999999 99999 bem 99999·

. 9999 9999 9999999999 9999999999

1 999 ml 9999 99999999 9999999

¹) 9999999. ΧΧΙΙΙ, 9. &m 99999999 99999 999
’ 99999999ίί9 §monz 99999999.

**) 4ffiu6) 9999999911, 27. ι ι 999 999999ι
. 999 99999 mit 9999 &taht-

 

